-58.622, 23.622, 32.951
-58.622, 23.722, 32.564
-58.622, 23.822, 32.171
-58.623, 23.922, 31.774
-58.623, 24.022, 31.372
-58.623, 24.122, 30.964
-58.624, 24.222, 30.552
-58.624, 24.322, 30.133
-58.625, 24.422, 29.709
-58.625, 24.522, 29.278
-58.626, 24.622, 28.841
-58.627, 24.722, 28.397
-58.627, 24.822, 27.946
-58.628, 24.922, 27.488
-58.629, 25.022, 27.022
-58.63, 25.122, 26.548
-58.631, 25.222, 26.065
-58.632, 25.322, 25.573
-58.633, 25.422, 25.072
-58.635, 25.522, 24.56
-58.636, 25.622, 24.037
-58.638, 25.722, 23.503
-58.64, 25.822, 22.956
-58.642, 25.922, 22.396
-58.645, 26.022, 21.822
-58.648, 26.122, 21.232
-58.652, 26.222, 20.625
-58.659, 26.321, 20
-58.679, 26.307, 20
-58.687, 26.207, 41.871
-58.692, 26.107, 72.217
-58.697, 26.008, 75.049
-58.7, 25.908, 74.88
-58.704, 25.808, 74.71
-58.707, 25.708, 74.54
-58.71, 25.608, 74.369
-58.713, 25.508, 74.198
-58.716, 25.408, 74.027
-58.718, 25.308, 73.855
-58.721, 25.208, 73.683
-58.723, 25.108, 73.511
-58.725, 25.008, 73.338
-58.727, 24.908, 73.164
-58.729, 24.808, 72.99
-58.731, 24.708, 72.816
-58.733, 24.608, 72.642
-58.735, 24.508, 72.467
-58.737, 24.408, 72.291
-58.738, 24.308, 72.115
-58.74, 24.208, 71.939
-58.741, 24.108, 71.762
-58.743, 24.008, 71.585
-58.744, 23.908, 71.407
-58.746, 23.808, 71.229
-58.747, 23.708, 71.051
-58.748, 23.608, 70.872
-58.75, 23.508, 70.692
-58.751, 23.408, 70.512
-58.752, 23.308, 70.332
-58.753, 23.208, 70.151
-58.754, 23.108, 69.97
-58.755, 23.008, 69.788
-58.756, 22.908, 69.606
-58.757, 22.808, 69.423
-58.758, 22.708, 69.24
-58.759, 22.608, 69.056
-58.76, 22.508, 68.872
-58.761, 22.408, 68.688
-58.762, 22.308, 68.503
-58.763, 22.208, 68.317
-58.764, 22.108, 68.131
-58.764, 22.008, 67.944
-58.765, 21.908, 67.757
-58.766, 21.808, 67.569
-58.766, 21.708, 67.381
-58.767, 21.608, 67.192
-58.768, 21.508, 67.003
-58.768, 21.408, 66.813
-58.769, 21.308, 66.623
-58.769, 21.208, 66.432
-58.77, 21.108, 66.24
-58.77, 21.008, 66.048
-58.771, 20.908, 65.856
-58.771, 20.808, 65.663
-58.772, 20.708, 65.469
-58.772, 20.608, 65.275
-58.772, 20.508, 65.08
-58.773, 20.408, 64.885
-58.773, 20.308, 64.688
-58.773, 20.208, 64.492
-58.773, 20.108, 64.295
-58.774, 20.008, 64.097
-58.774, 19.908, 63.898
-58.774, 19.808, 63.699
-58.774, 19.708, 63.5
-58.774, 19.608, 63.299
-58.774, 19.508, 63.098
-58.774, 19.408, 62.897
-58.774, 19.308, 62.694
-58.774, 19.208, 62.492
-58.774, 19.108, 62.288
-58.774, 19.008, 62.084
-58.774, 18.908, 61.879
-58.774, 18.808, 61.673
-58.774, 18.708, 61.467
-58.774, 18.608, 61.26
-58.774, 18.508, 61.052
-58.774, 18.408, 60.844
-58.774, 18.308, 60.635
-58.773, 18.208, 60.425
-58.773, 18.108, 60.215
-58.773, 18.008, 60.003
-58.773, 17.908, 59.791
-58.772, 17.808, 59.579
-58.772, 17.708, 59.365
-58.772, 17.608, 59.151
-58.771, 17.508, 58.936
-58.771, 17.408, 58.72
-58.77, 17.308, 58.503
-58.77, 17.208, 58.286
-58.769, 17.108, 58.067
-58.769, 17.008, 57.848
-58.768, 16.908, 57.628
-58.768, 16.808, 57.407
-58.767, 16.708, 57.186
-58.767, 16.608, 56.963
-58.766, 16.508, 56.74
-58.765, 16.408, 56.515
-58.765, 16.308, 56.29
-58.764, 16.208, 56.064
-58.763, 16.108, 55.837
-58.762, 16.008, 55.609
-58.762, 15.908, 55.381
-58.761, 15.808, 55.151
-58.76, 15.708, 54.92
-58.759, 15.608, 54.688
-58.758, 15.508, 54.455
-58.757, 15.408, 54.222
-58.756, 15.308, 53.987
-58.756, 15.208, 53.751
-58.755, 15.108, 53.514
-58.754, 15.008, 53.277
-58.753, 14.908, 53.038
-58.751, 14.808, 52.798
-58.75, 14.708, 52.557
-58.749, 14.608, 52.314
-58.748, 14.508, 52.071
-58.747, 14.408, 51.827
-58.746, 14.308, 51.581
-58.745, 14.208, 51.334
-58.743, 14.108, 51.086
-58.742, 14.008, 50.837
-58.741, 13.908, 50.587
-58.739, 13.808, 50.335
-58.738, 13.708, 50.082
-58.737, 13.608, 49.828
-58.735, 13.508, 49.572
-58.734, 13.408, 49.315
-58.732, 13.308, 49.057
-58.731, 13.208, 48.798
-58.729, 13.108, 48.537
-58.728, 13.008, 48.274
-58.726, 12.908, 48.01
-58.725, 12.808, 47.745
-58.723, 12.709, 47.478
-58.721, 12.609, 47.21
-58.72, 12.509, 46.94
-58.718, 12.409, 46.669
-58.716, 12.309, 46.396
-58.714, 12.209, 46.122
-58.713, 12.109, 45.845
-58.711, 12.009, 45.568
-58.709, 11.909, 45.288
-58.707, 11.809, 45.007
-58.705, 11.709, 44.724
-58.703, 11.609, 44.439
-58.701, 11.509, 44.152
-58.699, 11.409, 43.863
-58.697, 11.309, 43.573
-58.695, 11.209, 43.28
-58.692, 11.109, 42.986
-58.69, 11.009, 42.69
-58.688, 10.909, 42.391
-58.686, 10.809, 42.09
-58.684, 10.709, 41.788
-58.681, 10.609, 41.483
-58.679, 10.509, 41.175
-58.676, 10.409, 40.866
-58.674, 10.309, 40.554
-58.672, 10.209, 40.239
-58.669, 10.109, 39.922
-58.667, 10.009, 39.603
-58.664, 9.909, 39.281
-58.661, 9.809, 38.956
-58.659, 9.709, 38.629
-58.656, 9.609, 38.299
-58.653, 9.509, 37.966
-58.65, 9.409, 37.63
-58.648, 9.309, 37.291
-58.645, 9.209, 36.949
-58.642, 9.109, 36.603
-58.639, 9.009, 36.255
-58.636, 8.91, 35.903
-58.633, 8.81, 35.547
-58.63, 8.71, 35.188
-58.627, 8.61, 34.825
-58.624, 8.51, 34.459
-58.62, 8.41, 34.088
-58.617, 8.31, 33.713
-58.614, 8.21, 33.335
-58.61, 8.11, 32.951
-58.607, 8.01, 32.564
-58.604, 7.91, 32.171
-58.6, 7.81, 31.774
-58.597, 7.71, 31.372
-58.593, 7.61, 30.964
-58.589, 7.51, 30.552
-58.586, 7.41, 30.133
-58.582, 7.31, 29.709
-58.578, 7.211, 29.278
-58.574, 7.111, 28.841
-58.57, 7.011, 28.397
-58.566, 6.911, 27.946
-58.562, 6.811, 27.488
-58.558, 6.711, 27.022
-58.554, 6.611, 26.548
-58.55, 6.511, 26.065
-58.546, 6.411, 25.573
-58.541, 6.311, 25.072
-58.537, 6.211, 24.56
-58.532, 6.111, 24.037
-58.528, 6.012, 23.503
-58.523, 5.912, 22.956
-58.519, 5.812, 22.396
-58.514, 5.712, 21.822
-58.509, 5.612, 21.232
-58.504, 5.512, 20.625
-58.499, 5.412, 20
-58.498, 5.383, 0
-58.498, 5.383, 0
-57.502, -14.592, 0
endData
127
100
200
-58.622, 23.622, -58.641, 33.065, -59.024, 15.91, -58.498, 5.383
#PATH.JERRYIO-DATA {"appVersion":"0.8.3","format":"LemLib v0.5","gc":{"robotWidth":12,"robotHeight":12,"robotIsHolonomic":false,"showRobot":false,"uol":2.54,"pointDensity":0.1,"controlMagnetDistance":1.968503937007874,"fieldImage":{"displayName":"V5RC 2025 - High Stakes","signature":"V5RC 2025 - High Stakes","origin":{"__type":"built-in"}},"coordinateSystem":"VEX Gaming Positioning System"},"paths":[{"segments":[{"controls":[{"uid":"2nZkzQ9Pup","x":-58.622,"y":23.622,"lock":false,"visible":true,"heading":180,"__type":"end-point"},{"uid":"XzzgrM3HPB","x":-58.64106233855166,"y":33.06480150010894,"lock":false,"visible":true,"__type":"control"},{"uid":"wvyuMHa8Rl","x":-59.02419003454612,"y":15.910452522486061,"lock":false,"visible":true,"__type":"control"},{"uid":"EWoKZwTwls","x":-58.497829199215765,"y":5.383235815878747,"lock":false,"visible":true,"heading":180,"__type":"end-point"}],"speedProfiles":[],"lookaheadKeyframes":[],"uid":"DgwZH9u7op"}],"pc":{"speedLimit":{"minLimit":{"value":0,"label":"0"},"maxLimit":{"value":127,"label":"127"},"step":1,"from":20,"to":100},"bentRateApplicableRange":{"minLimit":{"value":0,"label":"0"},"maxLimit":{"value":1,"label":"1"},"step":0.001,"from":0,"to":0.1},"maxDecelerationRate":127},"name":"Path","uid":"x6yMu0XN5o","lock":false,"visible":true},{"segments":[{"controls":[{"uid":"1AVK0wGwaQ","x":-69.24037533845825,"y":0.02392549251501121,"lock":false,"visible":true,"heading":359.4,"__type":"end-point"},{"uid":"y27ZJaDdK9","x":-23.62204724409449,"y":23.62204724409449,"lock":false,"visible":true,"heading":60,"__type":"end-point"}],"speedProfiles":[],"lookaheadKeyframes":[],"uid":"vNOTWsiaUE"}],"pc":{"speedLimit":{"minLimit":{"value":0,"label":"0"},"maxLimit":{"value":127,"label":"127"},"step":1,"from":20,"to":100},"bentRateApplicableRange":{"minLimit":{"value":0,"label":"0"},"maxLimit":{"value":1,"label":"1"},"step":0.001,"from":0,"to":0.1},"maxDecelerationRate":127},"name":"Path","uid":"on2ADTeWOS","lock":false,"visible":true}]}