#PATH-POINTS-START Odom 5 ring + 1 steak goalside
-127,-152.4,120,90
-125.02,-152.121,120
-123.039,-151.842,120
-121.059,-151.564,120
-119.078,-151.285,120
-117.098,-151.006,120
-115.117,-150.727,120
-113.137,-150.449,120
-111.156,-150.17,120
-109.176,-149.891,120
-107.195,-149.612,120
-105.215,-149.334,120
-103.234,-149.055,120
-101.254,-148.776,120
-99.273,-148.497,120
-97.293,-148.219,120
-95.312,-147.94,120
-93.332,-147.661,120
-91.351,-147.382,120
-89.371,-147.103,120
-87.39,-146.825,120
-85.41,-146.546,120
-83.43,-146.267,120
-81.449,-145.988,120
-79.469,-145.71,120
-77.488,-145.431,120
-75.508,-145.152,120
-73.527,-144.873,120
-71.547,-144.595,120
-69.566,-144.316,120
-67.586,-144.037,120
-65.605,-143.758,120
-63.625,-143.479,120
-61.644,-143.201,120
-59.664,-142.922,120
-57.683,-142.643,120
-55.703,-142.364,120
-53.722,-142.086,120
-51.742,-141.807,120
-49.761,-141.528,120
-47.781,-141.249,120
-45.8,-140.971,120
-43.82,-140.692,120
-41.839,-140.413,120
-39.859,-140.134,120
-37.879,-139.856,120
-35.898,-139.577,120
-33.918,-139.298,120
-31.937,-139.019,120
-29.957,-138.74,120
-27.976,-138.462,120
-25.996,-138.183,120
-24.015,-137.904,120,0
-23.936,-138.176,120
-25.763,-138.989,120
-27.596,-139.789,120
-29.436,-140.575,120
-31.281,-141.346,120
-33.132,-142.102,120
-34.99,-142.843,120
-36.855,-143.567,120
-38.726,-144.274,120
-40.603,-144.962,120
-42.488,-145.633,120
-44.379,-146.282,120
-46.277,-146.912,120
-48.183,-147.518,120
-50.096,-148.102,120
-52.017,-148.66,120
-53.945,-149.191,120
-55.88,-149.696,120
-57.823,-150.168,120
-59.774,-150.609,120
-61.732,-151.016,120
-63.698,-151.383,120
-65.671,-151.71,120
-67.651,-151.992,120
-69.637,-152.227,120
-71.629,-152.409,120
-73.625,-152.533,120
-75.624,-152.593,120
-77.624,-152.582,120
-79.622,-152.494,120
-81.614,-152.318,120
-83.595,-152.046,120
-85.559,-151.669,120
-87.497,-151.176,120
-89.398,-150.558,120
-91.248,-149.798,120
-93.032,-148.896,120
-94.73,-147.841,120
-96.326,-146.636,120
-97.8,-145.286,120
-99.137,-143.8,120
-100.332,-142.197,120
-101.373,-140.49,120
-102.268,-138.702,120
-103.022,-136.851,120
-103.643,-134.95,120
-104.14,-133.013,120
-104.526,-131.051,120
-104.809,-129.072,120
-105.003,-127.081,120
-105.112,-125.085,120
-105.145,-123.085,120
-105.114,-121.085,120
-105.018,-119.088,120,0
-104.606,-117.147,120
-103.975,-115.249,120
-103.342,-113.352,120
-102.705,-111.456,120
-102.063,-109.562,120
-101.417,-107.669,120
-100.764,-105.779,120
-100.104,-103.891,120
-99.436,-102.006,120
-98.756,-100.125,120
-98.063,-98.249,120
-97.354,-96.379,120
-96.624,-94.517,120
-95.867,-92.665,120
-95.076,-90.828,120
-94.242,-89.011,120
-93.348,-87.222,120
-92.378,-85.473,120
-91.308,-83.784,120
-90.116,-82.179,120
-88.792,-80.681,120
-87.345,-79.3,120
-85.809,-78.019,120
-84.222,-76.803,120
-82.615,-75.613,120
-81.006,-74.425,120
-79.407,-73.223,120
-77.825,-71.999,120
-76.262,-70.752,120
-74.768,-69.633,120,0
-74.245,-71.564,120
-73.677,-73.481,120
-73.065,-75.385,120
-72.41,-77.275,120
-71.711,-79.149,120
-70.971,-81.007,120
-70.19,-82.848,120
-69.373,-84.673,120
-68.523,-86.484,120
-67.647,-88.282,120
-66.751,-90.07,120
-65.845,-91.853,120
-64.939,-93.636,120
-64.044,-95.424,120
-63.176,-97.226,120
-62.349,-99.047,120
-61.581,-100.894,120
-60.888,-102.77,120
-60.287,-104.677,120
-59.791,-106.614,120
-59.409,-108.577,120
-59.145,-110.559,120
-58.999,-112.554,120
-58.967,-114.553,120
-59.041,-116.551,120
-59.21,-118.544,120
-59.503,-120.521,120,0
-60.244,-122.372,120
-61.372,-124.019,120
-62.744,-125.473,120
-64.261,-126.775,120
-65.878,-127.951,120
-67.561,-129.032,120
-69.291,-130.036,120
-71.057,-130.974,120
-72.85,-131.859,120
-74.664,-132.701,120
-76.496,-133.504,120
-78.342,-134.274,120
-80.199,-135.015,120
-82.067,-135.731,120
-83.943,-136.425,120
-85.825,-137.099,120
-87.715,-137.755,120
-89.609,-138.396,120
-91.509,-139.023,120
-93.412,-139.636,120
-95.319,-140.239,120
-97.229,-140.833,120
-99.142,-141.416,120
-101.057,-141.992,120
-102.975,-142.561,120
-104.894,-143.123,120
-106.815,-143.68,120
-108.737,-144.232,120
-110.66,-144.781,120
-112.585,-145.326,120
-114.51,-145.869,120
-116.435,-146.41,120
-118.361,-146.949,120
-120.287,-147.488,120
-122.213,-148.027,120
-124.139,-148.567,120
-126.064,-149.109,120
-127.988,-149.653,120
-129.912,-150.2,120
-131.835,-150.752,120
-133.756,-151.308,120
-135.675,-151.87,120
-137.592,-152.439,120
-139.507,-153.017,120
-141.419,-153.604,120
-143.327,-154.204,120
-145.231,-154.815,120
-147.13,-155.444,120
-149.023,-156.089,120
-150.908,-156.758,120
-152.783,-157.452,120
-154.648,-158.175,120
-156.497,-158.939,120
-158.325,-159.748,120
-160.127,-160.617,120
-161.889,-161.562,120
-163.587,-162.618,120
-165.179,-163.827,120
-166.553,-165.273,120
-167.45,-167.048,120,0
-168.212,-168.896,120
-168.845,-168.159,120
-168.681,-166.166,120
-168.42,-164.183,120
-168.112,-162.207,120
-167.773,-160.236,120
-167.412,-158.269,120
-167.031,-156.306,120
-166.635,-154.345,120
-166.225,-152.388,120
-165.802,-150.433,120
-165.366,-148.481,120
-164.92,-146.531,120
-164.464,-144.584,120
-163.996,-142.64,120
-163.518,-140.697,120
-163.031,-138.758,120
-162.535,-136.82,120
-162.029,-134.885,120
-161.512,-132.953,120
-160.986,-131.024,120
-160.451,-129.097,120
-159.906,-127.172,120
-159.352,-125.251,120
-158.787,-123.332,120
-158.212,-121.416,120
-157.628,-119.504,120
-157.032,-117.594,120
-156.426,-115.688,120
-155.809,-113.786,120
-155.181,-111.887,120
-154.541,-109.992,120
-153.889,-108.102,120
-153.224,-106.216,120
-152.546,-104.334,120
-151.854,-102.457,120
-151.148,-100.586,120
-150.427,-98.721,120
-149.691,-96.861,120
-148.939,-95.008,120
-148.169,-93.162,120
-147.382,-91.324,120
-146.575,-89.493,120
-145.749,-87.672,120
-144.901,-85.861,120
-144.031,-84.06,120
-143.134,-82.272,120
-142.21,-80.499,120
-141.258,-78.74,120
-140.276,-76.997,120
-139.262,-75.274,120
-138.207,-73.575,120
-137.112,-71.901,120
-135.975,-70.256,120
-134.786,-68.648,120
-133.541,-67.082,120
-132.237,-65.566,120
-130.861,-64.116,120
-129.408,-62.742,120
-127.871,-61.464,120
-126.233,-60.317,120
-124.495,-59.329,120
-122.657,-58.546,120
-120.731,-58.016,120
-118.748,-57.787,120,0
-119.607,-56.827,120
-121.178,-55.589,120
-122.697,-54.289,120
-124.149,-52.914,120
-125.514,-51.453,120
-126.766,-49.894,120
-127.872,-48.229,120
-128.793,-46.455,120
-129.496,-44.584,120
-129.959,-42.64,120
-130.186,-40.654,120
-130.202,-38.655,120
-130.041,-36.662,120
-129.74,-34.685,120
-129.334,-32.726,120
-128.85,-30.786,120
-128.309,-28.86,120
-127.729,-26.947,120
-127.121,-25.041,120
-126.496,-23.142,120
-125.861,-21.245,120
-125.223,-19.349,120
-124.587,-17.453,120
-123.956,-15.555,120
-123.333,-13.655,120
-122.722,-11.751,120
-122.124,-9.842,120
-121.54,-7.929,120
-120.973,-6.011,120
-120.422,-4.089,120
-119.89,-2.161,120
-119.376,-0.228,120,0
-118.9,-2.06,120
-118.146,-3.91,120
-117.173,-5.657,120
-116.039,-7.303,120
-114.783,-8.86,120
-113.439,-10.34,120
-112.027,-11.756,120
-110.562,-13.118,120
-109.058,-14.436,120
-107.523,-15.718,120
-105.964,-16.971,120
-104.387,-18.201,120
-102.797,-19.413,120
-101.197,-20.614,120
-99.592,-21.807,120
-97.985,-22.999,120
-96.381,-24.192,120
-94.781,-25.393,120
-93.192,-26.607,120
-91.617,-27.839,120
-90.061,-29.096,120
-88.532,-30.386,120
-87.04,-31.717,120
-85.595,-33.1,120
-84.215,-34.547,120
-82.925,-36.075,120
-81.762,-37.701,120
-80.779,-39.441,120
-80.058,-41.304,120
-79.7,-43.267,120
-79.789,-45.26,120
-80.335,-47.18,120
-79.542,-47.119,120,0
-77.868,-46.023,120
-76.192,-44.932,120
-74.513,-43.846,120
-72.83,-42.765,120
-71.143,-41.691,120
-69.451,-40.625,120
-67.753,-39.567,120
-66.049,-38.521,120
-64.338,-37.486,120
-62.617,-36.466,120
-60.887,-35.463,120
-59.145,-34.48,120
-57.39,-33.521,120
-55.621,-32.588,120
-53.835,-31.687,120
-52.033,-30.821,120
-50.213,-29.991,120
-48.376,-29.201,120
-46.523,-28.449,120
-44.656,-27.732,120
-42.777,-27.047,120
-40.889,-26.388,120
-38.994,-25.748,120
-37.094,-25.122,120
-35.192,-24.505,120
-33.287,-23.893,120
-31.383,-23.283,120
-29.881,-22.801,120,0
-29.881,-22.801,0,0
#PATH-POINTS-START ring side unbeatable 6 rush(no 2 stack mid ring)
-149.188,149.988,120,0
-147.188,149.988,120
-145.188,149.988,120
-143.188,149.988,120
-141.188,149.988,120
-139.188,149.988,120
-137.188,149.988,120
-135.188,149.988,120
-133.188,149.988,120
-131.188,149.988,120
-129.188,149.988,120
-127.188,149.988,120
-125.188,149.988,120
-123.188,149.988,120
-121.188,149.988,120
-119.188,149.988,120
-117.188,149.988,120
-115.188,149.988,120
-113.188,149.988,120
-111.188,149.988,120
-109.188,149.988,120
-107.188,149.988,120
-105.188,149.988,120
-103.188,149.988,120
-101.188,149.988,120
-99.188,149.988,120
-97.188,149.988,120
-95.188,149.988,120
-93.188,149.988,120
-91.188,149.988,120
-89.188,149.988,120
-87.188,149.988,120
-85.188,149.988,120
-83.188,149.988,120,0
-81.19,150.068,120
-79.19,150.116,120
-77.19,150.123,120
-75.191,150.09,120
-73.192,150.018,120
-71.195,149.906,120
-69.201,149.758,120
-67.209,149.572,120
-65.222,149.352,120
-63.238,149.097,120
-61.259,148.81,120
-59.284,148.491,120
-57.315,148.141,120
-55.351,147.762,120
-53.393,147.356,120
-51.441,146.923,120
-49.494,146.464,120
-47.553,145.982,120
-45.618,145.477,120
-43.688,144.951,120
-41.764,144.404,120
-39.846,143.838,120
-37.934,143.253,120
-36.026,142.651,120
-34.124,142.033,120
-32.227,141.4,120
-30.335,140.753,120
-28.447,140.092,120
-26.564,139.418,120
-24.685,138.733,120
-22.81,138.037,120,0
-24.281,138.944,120
-26.017,139.938,120
-27.776,140.89,120
-29.56,141.793,120
-31.367,142.651,120
-33.185,143.484,120
-35.004,144.316,120
-36.815,145.165,120
-38.616,146.034,120
-40.407,146.924,120
-42.189,147.832,120
-43.963,148.756,120
-45.729,149.694,120
-47.489,150.644,120
-49.244,151.604,120,0
-48.58,150.117,120
-47.602,148.373,120
-46.584,146.651,120
-45.53,144.951,120
-44.442,143.273,120
-43.32,141.617,120
-42.168,139.982,120
-40.987,138.369,120
-39.778,136.776,120
-38.541,135.204,120
-37.279,133.652,120
-35.991,132.122,120
-34.68,130.612,120
-33.344,129.124,120
-31.984,127.657,120
-30.601,126.212,120
-29.195,124.79,120
-27.766,123.391,120
-26.312,122.017,120
-24.834,120.67,120
-23.331,119.351,120
-21.801,118.063,120
-20.242,116.81,120
-18.652,115.597,120
-17.027,114.432,120
-15.36,113.326,120
-13.644,112.3,120
-11.863,111.391,120
-11.377,111.107,120,320.000015258789
-13.312,111.611,120
-15.27,112.017,120
-17.251,112.291,120
-19.247,112.389,120
-21.241,112.255,120
-23.188,111.812,120
-25.012,111,120
-26.617,109.813,120
-27.952,108.328,120
-29.038,106.65,120
-29.922,104.857,120
-30.663,103,120
-31.307,101.107,120
-31.889,99.193,120
-32.435,97.269,120
-32.966,95.341,120
-33.498,93.413,120
-34.044,91.489,120
-34.616,89.573,120
-35.223,87.667,120
-35.873,85.776,120
-36.573,83.902,120
-37.329,82.05,120
-38.144,80.224,120
-39.024,78.429,120
-39.971,76.667,120
-40.987,74.944,120
-42.073,73.265,120
-43.228,71.633,120
-44.45,70.05,120,0
-44.284,70.393,120
-43.191,72.068,120
-42.192,73.8,120
-41.315,75.597,120
-40.595,77.462,120
-40.08,79.393,120
-39.826,81.375,120
-39.881,83.372,120
-40.27,85.331,120
-40.961,87.206,120
-41.894,88.974,120
-43.002,90.638,120
-44.226,92.22,120
-45.521,93.743,120
-46.856,95.232,120
-48.205,96.709,120
-49.547,98.192,120
-50.864,99.698,120
-52.139,101.238,120
-53.357,102.824,120
-54.503,104.463,120
-55.563,106.159,120
-56.522,107.913,120
-57.37,109.724,120
-58.098,111.587,120
-58.701,113.493,120
-59.177,115.435,120
-60.054,117.151,120,0
-61.452,118.582,120
-62.923,119.936,120
-64.47,121.203,120
-66.092,122.372,120
-67.785,123.437,120
-69.541,124.392,120
-71.354,125.235,120
-73.216,125.965,120
-75.118,126.583,120
-77.051,127.093,120
-79.009,127.502,120
-80.984,127.817,120
-82.97,128.048,120
-84.964,128.203,120
-86.962,128.292,120
-88.961,128.324,120
-90.961,128.308,120
-92.96,128.252,120
-94.958,128.165,120
-96.955,128.054,120
-98.951,127.926,120
-100.947,127.79,120
-102.942,127.651,120
-104.937,127.516,120
-106.933,127.393,120
-108.931,127.288,120
-110.929,127.208,120
-112.928,127.16,120
-114.928,127.151,120
-116.928,127.187,120
-118.926,127.276,120
-120.92,127.427,120
-122.908,127.646,120
-124.886,127.939,120
-126.851,128.312,120
-128.797,128.772,120
-130.719,129.322,120
-132.613,129.966,120
-134.471,130.706,120
-136.286,131.546,120
-138.054,132.48,120
-139.771,133.505,120
-141.434,134.615,120
-143.035,135.814,120
-144.577,137.086,120
-146.059,138.429,120
-147.478,139.838,120
-148.839,141.303,120
-150.14,142.822,120
-151.384,144.388,120
-152.577,145.993,120
-153.712,147.64,120
-154.799,149.318,120
-155.841,151.025,120
-156.84,152.758,120
-157.718,154.377,120,0
-156.692,152.66,120
-155.658,150.949,120
-154.615,149.242,120
-153.563,147.541,120
-152.503,145.845,120
-151.433,144.155,120
-150.354,142.472,120
-149.266,140.794,120
-148.169,139.121,120
-147.063,137.454,120
-145.949,135.794,120
-144.826,134.139,120
-143.692,132.491,120
-142.549,130.85,120
-141.398,129.215,120
-140.238,127.586,120
-139.068,125.963,120
-137.89,124.347,120
-136.703,122.737,120
-135.506,121.135,120
-134.3,119.54,120
-133.084,117.951,120
-131.86,116.37,120
-130.627,114.796,120
-129.384,113.228,120
-128.133,111.668,120
-126.873,110.115,120
-125.604,108.569,120
-124.325,107.031,120
-123.038,105.5,120
-121.742,103.977,120
-120.437,102.461,120
-119.124,100.953,120
-117.801,99.453,120
-116.469,97.961,120
-115.129,96.477,120
-113.78,95,120
-112.423,93.531,120
-111.057,92.07,120
-109.682,90.617,120
-108.299,89.172,120
-106.908,87.736,120
-105.509,86.307,120
-104.101,84.886,120
-102.686,83.473,120
-101.262,82.069,120
-99.83,80.672,120
-98.39,79.284,120
-96.943,77.904,120
-95.487,76.532,120
-94.025,75.168,120
-92.554,73.812,120
-91.077,72.465,120
-89.592,71.125,120
-88.1,69.793,120
-86.601,68.469,120
-85.095,67.153,120
-83.582,65.844,120
-82.063,64.544,120
-80.537,63.251,120
-79.004,61.966,120
-77.465,60.689,120
-75.92,59.418,120
-74.37,58.156,120
-72.813,56.9,120
-71.25,55.651,120
-69.683,54.41,120
-68.109,53.175,120
-66.53,51.948,120
-64.946,50.726,120
-63.358,49.512,120
-61.764,48.303,120
-60.166,47.1,120
-58.564,45.904,120
-56.957,44.713,120
-55.346,43.527,120
-53.732,42.347,120
-52.113,41.171,120
-50.492,40.001,120
-48.867,38.835,120
-47.239,37.673,120
-45.608,36.515,120
-43.974,35.361,120
-42.339,34.211,120
-40.701,33.063,120
-39.061,31.918,120
-37.419,30.775,120
-35.776,29.635,120
-34.132,28.496,120
-32.488,27.358,120
-30.842,26.221,120
-29.196,25.085,120
-27.551,23.949,120
-25.905,22.812,120
-24.396,21.768,120,0
-24.396,21.768,0,0
#PATH-POINTS-START skills safe route
-157.073,-0.517,120,0
-155.903,-2.139,120
-154.734,-3.761,120
-153.564,-5.383,120
-152.394,-7.005,120
-151.224,-8.628,120
-150.055,-10.25,120
-148.885,-11.872,120
-147.715,-13.494,120
-146.545,-15.117,120
-145.375,-16.739,120
-144.206,-18.361,120
-143.036,-19.983,120
-141.866,-21.606,120
-140.696,-23.228,120
-139.527,-24.85,120
-138.357,-26.472,120
-137.187,-28.094,120
-136.017,-29.717,120
-134.848,-31.339,120
-133.678,-32.961,120
-132.508,-34.583,120
-131.338,-36.206,120
-130.168,-37.828,120
-128.999,-39.45,120
-127.829,-41.072,120
-126.659,-42.695,120
-125.489,-44.317,120
-124.32,-45.939,120
-123.15,-47.561,120
-121.98,-49.183,120
-120.81,-50.806,120,0
-120.52,-49.059,120
-120.119,-47.1,120
-119.518,-45.194,120
-118.711,-43.365,120
-117.694,-41.645,120
-116.473,-40.062,120
-115.072,-38.636,120
-113.515,-37.383,120
-111.831,-36.307,120
-110.047,-35.405,120
-108.187,-34.67,120
-106.273,-34.094,120
-104.319,-33.668,120
-102.341,-33.376,120
-100.348,-33.212,120
-98.349,-33.167,120
-96.35,-33.233,120
-94.358,-33.403,120
-92.377,-33.673,120
-90.41,-34.036,120
-88.463,-34.494,120
-86.539,-35.038,120
-84.641,-35.667,120
-82.774,-36.384,120
-80.94,-37.182,120
-79.145,-38.062,120
-77.392,-39.025,120
-75.687,-40.071,120
-74.034,-41.197,120
-72.439,-42.403,120
-70.911,-43.693,120
-69.454,-45.062,120
-68.074,-46.509,120
-66.784,-48.037,120
-65.588,-49.64,120
-64.494,-51.314,120
-63.513,-53.056,120
-62.652,-54.861,120
-61.915,-56.719,120
-61.306,-58.624,120,0
-60.604,-60.488,120
-59.686,-62.264,120
-58.688,-63.998,120
-57.615,-65.685,120
-56.47,-67.325,120
-55.259,-68.916,120
-53.988,-70.46,120
-52.661,-71.956,120
-51.285,-73.407,120
-49.865,-74.816,120
-48.408,-76.186,120
-46.918,-77.52,120
-45.401,-78.823,120
-43.861,-80.099,120
-42.302,-81.352,120
-40.729,-82.587,120
-39.145,-83.809,120
-37.555,-85.021,120
-35.961,-86.229,120
-34.367,-87.437,120
-32.775,-88.648,120
-31.19,-89.868,120
-29.615,-91.1,120
-28.052,-92.348,120
-26.504,-93.615,120
-24.976,-94.905,120
-23.471,-96.222,120
-21.993,-97.569,120
-20.543,-98.947,120
-19.127,-100.359,120
-17.748,-101.807,120
-16.408,-103.292,120
-15.113,-104.816,120
-13.866,-106.379,120
-12.668,-107.981,120
-11.522,-109.62,120
-10.431,-111.296,120
-9.4,-113.01,120
-8.426,-114.756,120
-7.509,-116.534,120
-6.658,-118.343,120
-5.864,-120.179,120
-5.131,-122.039,120
-4.458,-123.923,120
-3.842,-125.825,120
-3.284,-127.746,120
-2.783,-129.682,120
-2.332,-131.63,120
-1.939,-133.591,120
-1.592,-135.561,120
-1.292,-137.538,120
-1.043,-139.523,120
-0.836,-141.512,120
-0.669,-143.505,120
-0.543,-145.501,120
-0.457,-147.499,120
-0.408,-149.498,120
-0.393,-151.498,120,0
-0.946,-153.266,120
-2.513,-154.504,120
-4.289,-155.414,120
-6.233,-155.853,120
-8.224,-155.756,120
-10.141,-155.197,120
-11.935,-154.317,120
-13.613,-153.23,120
-15.197,-152.009,120
-16.707,-150.699,120
-18.164,-149.328,120
-19.58,-147.916,120
-20.968,-146.476,120
-22.337,-145.018,120
-23.695,-143.55,120
-25.049,-142.078,120
-26.404,-140.607,120
-27.767,-139.143,120
-29.141,-137.69,120
-30.532,-136.253,120
-31.944,-134.837,120
-33.381,-133.446,120
-34.847,-132.085,120
-36.346,-130.761,120
-37.882,-129.481,120
-39.459,-128.251,120
-41.079,-127.078,120
-42.747,-125.976,120
-44.463,-124.949,120
-46.23,-124.011,120
-48.046,-123.175,120
-49.909,-122.447,120
-51.816,-121.847,120
-53.76,-121.379,120
-55.732,-121.051,120
-57.724,-120.875,120
-59.723,-120.846,120,0
-61.722,-120.907,120
-63.721,-120.969,120
-65.721,-121.025,120
-67.72,-121.075,120
-69.719,-121.119,120
-71.719,-121.157,120
-73.719,-121.187,120
-75.719,-121.211,120
-77.719,-121.228,120
-79.719,-121.238,120
-81.719,-121.241,120
-83.719,-121.237,120
-85.719,-121.227,120
-87.719,-121.21,120
-89.718,-121.186,120
-91.718,-121.157,120
-93.718,-121.123,120
-95.717,-121.083,120
-97.717,-121.039,120
-99.716,-120.991,120
-101.716,-120.94,120
-103.715,-120.886,120
-105.714,-120.829,120
-107.713,-120.769,120
-109.712,-120.709,120
-111.711,-120.646,120
-113.71,-120.583,120
-115.709,-120.519,120
-117.708,-120.455,120
-119.707,-120.39,120
-121.706,-120.325,120
-123.705,-120.261,120
-125.704,-120.197,120
-127.703,-120.133,120
-129.702,-120.07,120
-131.701,-120.007,120
-133.7,-119.946,120
-135.699,-119.885,120
-137.698,-119.825,120
-139.698,-119.766,120
-141.697,-119.707,120
-143.696,-119.65,120
-145.695,-119.594,120
-147.694,-119.539,120
-149.694,-119.485,120,0
-148.059,-119.341,120
-146.06,-119.33,120
-144.069,-119.505,120
-142.113,-119.914,120
-140.241,-120.61,120
-138.531,-121.641,120
-137.08,-123.01,120
-135.97,-124.669,120
-135.226,-126.522,120
-134.816,-128.478,120
-134.689,-130.472,120
-134.795,-132.468,120
-135.092,-134.446,120
-135.549,-136.392,120
-136.141,-138.302,120
-136.852,-140.171,120
-137.669,-141.996,120
-138.585,-143.774,120
-139.591,-145.502,120
-140.682,-147.178,120
-141.859,-148.795,120
-143.117,-150.349,120
-144.457,-151.834,120
-145.88,-153.239,120
-147.386,-154.554,120
-148.977,-155.765,120
-150.655,-156.853,120
-150.005,-156.743,120,0
-148.124,-156.061,120
-146.244,-155.381,120
-144.362,-154.703,120
-142.479,-154.03,120
-140.591,-153.368,120
-138.698,-152.725,120
-136.794,-152.113,120
-134.875,-151.55,120
-132.937,-151.053,120
-130.984,-150.626,120
-129.018,-150.257,120
-127.046,-149.927,120
-125.07,-149.618,120
-123.092,-149.319,120
-121.114,-149.024,120
-119.136,-148.73,120
-117.158,-148.434,120
-115.18,-148.135,120
-114.539,-148.089,120,0
-116.496,-148.498,120
-118.475,-148.786,120
-120.468,-148.936,120
-122.467,-148.904,120
-124.453,-148.68,120
-126.404,-148.248,120
-128.282,-147.565,120
-130.061,-146.657,120
-131.703,-145.518,120
-133.191,-144.185,120
-134.516,-142.689,120
-135.682,-141.065,120
-136.696,-139.343,120
-137.586,-137.552,120
-138.344,-135.702,120
-139,-133.813,120
-139.566,-131.895,120
-140.053,-129.955,120
-140.467,-127.999,120
-140.818,-126.03,120
-141.11,-124.051,120
-141.351,-122.066,120
-141.547,-120.076,120
-141.702,-118.082,120
-141.819,-116.085,120
-141.902,-114.087,120
-141.954,-112.087,120
-141.978,-110.088,120
-141.976,-108.088,120
-141.951,-106.088,120
-141.905,-104.088,120
-141.838,-102.09,120
-141.748,-100.092,120
-141.641,-98.094,120
-141.519,-96.098,120
-141.382,-94.103,120
-141.23,-92.109,120
-141.062,-90.116,120
-140.882,-88.124,120
-140.691,-86.133,120
-140.489,-84.143,120
-140.273,-82.155,120
-140.049,-80.168,120
-139.816,-78.181,120
-139.573,-76.196,120
-139.32,-74.212,120
-139.061,-72.229,120
-138.794,-70.247,120
-138.518,-68.266,120
-138.236,-66.286,120
-137.949,-64.307,120
-137.654,-62.329,120
-137.353,-60.351,120
-137.048,-58.375,120
-136.736,-56.399,120
-136.419,-54.425,120
-136.099,-52.45,120
-135.773,-50.477,120
-135.443,-48.505,120
-135.109,-46.532,120
-134.772,-44.561,120
-134.431,-42.59,120
-134.087,-40.62,120
-133.74,-38.651,120
-133.39,-36.681,120
-133.038,-34.713,120
-132.683,-32.744,120
-132.325,-30.777,120
-131.967,-28.809,120
-131.606,-26.842,120
-131.244,-24.875,120
-130.88,-22.908,120
-130.515,-20.942,120
-130.149,-18.976,120
-129.783,-17.009,120
-129.416,-15.043,120
-129.048,-13.077,120
-128.681,-11.111,120
-128.314,-9.146,120
-127.947,-7.179,120
-127.58,-5.213,120
-127.214,-3.247,120
-126.85,-1.281,120
-126.486,0.686,120
-126.124,2.653,120
-125.764,4.62,120
-125.406,6.588,120
-125.051,8.556,120
-124.697,10.525,120
-124.348,12.494,120
-124.002,14.464,120
-123.659,16.434,120
-123.32,18.405,120
-122.987,20.377,120
-122.659,22.35,120
-122.336,24.324,120
-122.018,26.299,120
-121.709,28.275,120
-121.408,30.252,120
-121.114,32.23,120
-120.829,34.21,120
-120.554,36.191,120
-120.29,38.173,120
-120.039,40.157,120
-119.803,42.143,120
-119.581,44.131,120
-119.377,46.121,120
-119.192,48.112,120
-119.03,50.105,120
-118.892,52.101,120
-118.783,54.098,120
-118.707,56.096,120
-118.672,58.096,120,0
-118.643,59.093,120
-118.487,57.099,120
-118.253,55.113,120
-117.943,53.138,120
-117.544,51.178,120
-117.046,49.241,120
-116.444,47.334,120
-115.727,45.468,120
-114.887,43.654,120
-113.915,41.906,120
-112.798,40.248,120
-111.54,38.694,120
-110.142,37.266,120
-108.606,35.986,120
-106.947,34.871,120
-105.183,33.93,120
-103.331,33.179,120
-101.415,32.608,120
-99.454,32.217,120
-97.467,31.999,120
-95.468,31.938,120
-93.471,32.031,120
-91.484,32.256,120
-89.516,32.613,120
-87.573,33.084,120
-85.66,33.665,120
-83.78,34.347,120
-81.936,35.122,120
-80.133,35.988,120
-78.373,36.937,120
-76.658,37.965,120
-74.991,39.069,120
-73.376,40.249,120
-71.815,41.499,120
-70.311,42.817,120
-68.869,44.203,120
-67.494,45.655,120
-66.19,47.171,120
-64.96,48.748,120
-63.813,50.386,120
-62.757,52.084,120
-61.795,53.837,120
-60.934,55.642,120
-60.189,57.498,120
-59.557,59.395,120,0
-58.965,61.305,120
-58.383,63.219,120
-57.811,65.135,120
-57.253,67.056,120
-56.711,68.981,120
-56.189,70.911,120
-55.689,72.848,120
-55.218,74.792,120
-54.78,76.743,120
-54.38,78.703,120
-54.026,80.671,120
-53.723,82.648,120
-53.479,84.633,120
-53.299,86.624,120
-53.189,88.621,120
-53.151,90.621,120
-53.189,92.62,120
-53.3,94.617,120
-53.483,96.609,120
-53.732,98.593,120
-54.043,100.569,120
-54.409,102.535,120
-54.823,104.491,120
-55.279,106.439,120
-55.771,108.377,120
-56.295,110.307,120
-56.844,112.23,120
-57.416,114.147,120
-58.007,116.058,120
-58.613,117.964,120
-59.232,119.865,120
-59.864,121.763,120,0
-60.538,123.646,120
-61.275,125.505,120
-62.077,127.337,120
-62.951,129.136,120
-63.901,130.896,120
-64.931,132.609,120
-66.047,134.269,120
-67.25,135.866,120
-68.544,137.391,120
-69.926,138.836,120
-71.394,140.193,120
-72.945,141.456,120
-74.573,142.617,120
-76.268,143.677,120
-78.023,144.636,120
-79.829,145.496,120
-81.676,146.261,120
-83.559,146.935,120
-85.469,147.527,120
-87.402,148.042,120
-89.351,148.488,120
-91.314,148.871,120
-93.287,149.198,120
-95.268,149.475,120
-97.254,149.707,120
-99.245,149.899,120
-101.239,150.057,120
-103.235,150.182,120
-105.232,150.281,120
-107.231,150.356,120
-109.23,150.409,120
-111.23,150.445,120
-113.23,150.465,120
-115.23,150.471,120
-117.23,150.465,120
-119.23,150.45,120,0
-121.23,150.423,120
-123.229,150.376,120
-125.228,150.304,120
-127.225,150.203,120
-129.22,150.066,120
-131.212,149.885,120
-133.198,149.648,120
-135.174,149.341,120
-137.134,148.943,120
-139.065,148.425,120
-140.945,147.746,120
-142.735,146.856,120
-144.365,145.702,120
-145.747,144.261,120
-146.813,142.573,120
-147.572,140.724,120
-148.088,138.793,120
-148.433,136.823,120
-148.668,134.837,120
-148.836,132.845,120
-148.965,130.849,120
-149.077,128.852,120
-149.187,126.855,120
-149.305,124.858,120
-149.439,122.863,120
-149.579,120.868,120,0
-149.59,118.869,120
-149.412,116.878,120
-149.01,114.92,120
-148.359,113.03,120
-147.435,111.259,120
-146.237,109.66,120
-144.783,108.292,120
-143.116,107.191,120
-141.291,106.378,120
-139.363,105.853,120
-137.38,105.604,120
-135.382,105.608,120
-133.398,105.852,120
-131.453,106.314,120
-129.568,106.979,120
-127.761,107.835,120
-126.05,108.869,120
-124.449,110.066,120
-122.974,111.416,120
-121.638,112.903,120
-120.454,114.514,120
-119.431,116.232,120
-118.574,118.037,120
-118.165,119.297,120,0
-119.228,117.603,120
-120.382,115.971,120
-121.648,114.423,120
-123.047,112.995,120
-124.605,111.744,120
-126.336,110.746,120
-128.229,110.113,120
-130.216,109.934,120
-132.191,110.218,120
-134.071,110.893,120
-135.821,111.856,120
-137.446,113.021,120
-138.957,114.33,120
-140.374,115.741,120
-141.712,117.227,120
-142.982,118.772,120
-144.196,120.361,120
-145.361,121.987,120
-146.485,123.641,120
-147.572,125.32,120
-148.629,127.018,120
-149.657,128.733,120
-150.663,130.462,120
-151.647,132.203,120
-152.613,133.954,120
-153.562,135.714,120
-154.498,137.482,120
-155.422,139.256,120
-156.335,141.035,120
-157.24,142.819,120
-158.138,144.606,120
-159.03,146.396,120
-159.918,148.188,120
-160.804,149.981,120
-161.688,151.775,120
-161.962,152.079,120,0
-161.177,150.242,120
-160.191,148.503,120
-159.045,146.865,120
-157.768,145.326,120
-156.398,143.87,120
-154.944,142.497,120
-153.426,141.195,120
-151.858,139.954,120
-150.243,138.775,120
-148.589,137.65,120
-146.904,136.573,120
-145.192,135.54,120
-143.456,134.548,120
-141.697,133.595,120
-139.92,132.677,120
-138.126,131.795,120
-136.315,130.944,120
-134.491,130.124,120
-132.654,129.334,120
-130.805,128.571,120
-128.946,127.834,120
-127.077,127.123,120
-125.198,126.437,120
-123.311,125.774,120
-121.416,125.134,120
-119.514,124.517,120
-117.605,123.921,120
-115.689,123.346,120
-113.768,122.791,120
-111.84,122.257,120
-109.907,121.744,120
-107.969,121.253,120
-106.025,120.781,120
-104.077,120.329,120
-102.125,119.895,120
-100.168,119.481,120
-98.208,119.085,120
-96.243,118.71,120
-94.275,118.356,120
-92.303,118.021,120
-90.328,117.704,120
-88.35,117.407,120
-86.37,117.129,120
-84.387,116.871,120
-82.4,116.637,120
-80.412,116.422,120
-78.421,116.228,120
-76.429,116.055,120
-74.435,115.902,120
-72.439,115.771,120
-70.442,115.665,120
-68.444,115.583,120
-66.445,115.523,120
-64.445,115.488,120
-62.445,115.477,120
-60.445,115.491,120
-58.446,115.531,120
-56.447,115.6,120
-54.449,115.7,120
-52.453,115.828,120
-50.46,115.987,120
-48.469,116.177,120
-46.481,116.4,120
-44.498,116.657,120
-42.52,116.95,120
-40.547,117.281,120
-38.582,117.651,120
-36.625,118.063,120
-34.678,118.519,120
-32.742,119.021,120
-30.819,119.571,120
-28.912,120.173,120
-27.022,120.828,120
-25.154,121.54,120
-23.309,122.312,120
-21.491,123.146,120
-19.705,124.046,120
-17.956,125.015,120
-16.248,126.054,120
-14.586,127.167,120
-12.978,128.356,120
-11.432,129.624,120
-9.96,130.977,120
-8.564,132.409,120
-7.251,133.916,120
-6.028,135.498,120
-4.902,137.15,120
-3.888,138.874,120
-2.987,140.659,120
-2.196,142.495,120
-1.517,144.376,120
-0.95,146.293,120
-0.495,148.24,120
-0.148,150.209,120
0.095,152.194,120
0.238,154.189,120
0.286,156.188,120,0
0.179,154.361,120
0.108,152.363,120
0.089,150.363,120
0.128,148.363,120
0.227,146.366,120
0.392,144.373,120
0.634,142.388,120
0.956,140.414,120
1.364,138.457,120
1.869,136.522,120
2.479,134.617,120
3.201,132.753,120
4.043,130.939,120
5.009,129.189,120
6.106,127.517,120
7.333,125.938,120
8.683,124.464,120
10.156,123.111,120
11.734,121.884,120
13.408,120.791,120
15.163,119.833,120
16.983,119.005,120
18.857,118.307,120
20.77,117.725,120
22.715,117.258,120
24.68,116.89,120
26.662,116.619,120
28.653,116.431,120
30.65,116.324,120
32.649,116.287,120
34.649,116.314,120
36.647,116.401,120
38.642,116.54,120
40.633,116.73,120
42.619,116.964,120
44.6,117.238,120
46.576,117.55,120
48.546,117.896,120
50.51,118.273,120
52.468,118.677,120
54.421,119.108,120
56.37,119.56,120
58.313,120.033,120
60.252,120.522,120,0
59.229,119.818,120
57.761,118.471,120
56.82,116.72,120
56.519,114.752,120
56.739,112.768,120
57.29,110.847,120
58.047,108.997,120
58.943,107.209,120
59.935,105.473,120
60.997,103.778,120
62.11,102.117,120
63.262,100.482,120
64.447,98.871,120
65.655,97.277,120
66.884,95.699,120
68.128,94.133,120
69.386,92.578,120
70.652,91.03,120
71.927,89.489,120
73.208,87.953,120
74.494,86.421,120
75.782,84.891,120
77.072,83.363,120
78.363,81.835,120
79.653,80.307,120
80.942,78.778,120
82.229,77.247,120
83.513,75.713,120
84.793,74.176,120
86.068,72.636,120
87.337,71.09,120
88.6,69.54,120
89.857,67.984,120
91.106,66.421,120
92.346,64.853,120
93.578,63.277,120
94.799,61.693,120
96.009,60.1,120
97.207,58.499,120
98.392,56.888,120
99.565,55.268,120
100.722,53.637,120
101.865,51.995,120
102.991,50.343,120
104.1,48.678,120
105.19,47.001,120
106.26,45.312,120
107.309,43.609,120
108.334,41.891,120
109.334,40.16,120
110.309,38.413,120
111.256,36.652,120
112.174,34.875,120
113.061,33.083,120
113.915,31.274,120
114.734,29.45,120
115.513,27.608,120
116.25,25.748,120
116.944,23.873,120
117.593,21.981,120
118.193,20.073,120
118.743,18.151,120
119.232,16.211,120
119.663,14.258,120
120.032,12.293,120
120.337,10.317,120
120.576,8.331,120
120.733,6.337,120
120.817,4.339,120
120.825,2.34,120
120.756,0.341,120
120.622,-1.208,120,0
120.609,0.792,120
120.572,2.792,120
120.512,4.791,120
120.427,6.789,120
120.316,8.786,120
120.177,10.781,120
120.01,12.774,120
119.813,14.765,120
119.586,16.752,120
119.326,18.735,120
119.033,20.713,120
118.705,22.686,120
118.335,24.651,120
117.928,26.609,120
117.48,28.559,120
116.988,30.497,120
116.448,32.423,120
115.864,34.335,120
115.223,36.23,120
114.534,38.107,120
113.784,39.961,120
112.979,41.792,120
112.108,43.592,120
111.174,45.36,120
110.174,47.092,120
109.104,48.782,120
107.96,50.422,120
106.742,52.008,120
105.449,53.534,120
104.081,54.992,120
102.636,56.375,120
101.118,57.676,120
99.526,58.885,120
97.864,59.997,120
96.138,61.008,120
94.353,61.91,120
92.514,62.695,120
90.631,63.366,120
88.707,63.914,120
86.755,64.343,120
84.778,64.648,120
82.788,64.836,120
80.789,64.9,120
78.79,64.849,120
76.797,64.681,120
74.818,64.397,120
72.858,64.002,120
70.923,63.496,120
69.021,62.879,120
67.158,62.151,120
65.343,61.312,120
63.584,60.361,120
61.889,59.301,120,0
60.196,58.235,120
58.486,57.199,120
56.762,56.184,120
55.029,55.185,120
53.291,54.197,120
51.549,53.214,120
49.806,52.233,120
48.063,51.252,120
46.323,50.266,120
44.586,49.274,120
42.855,48.274,120
41.13,47.262,120
39.412,46.237,120
37.704,45.197,120
36.005,44.141,120
34.319,43.066,120
32.645,41.971,120
30.986,40.854,120
29.344,39.713,120
27.718,38.548,120
26.112,37.356,120
24.527,36.137,120
22.964,34.888,120
21.427,33.609,120
19.917,32.297,120
18.436,30.953,120
16.987,29.575,120
15.572,28.162,120
14.193,26.713,120
12.854,25.228,120
11.556,23.706,120
10.305,22.146,120
9.101,20.549,120
7.948,18.915,120
6.848,17.245,120
5.804,15.539,120
4.819,13.799,120
3.895,12.025,120
3.034,10.22,120
2.238,8.385,120
1.509,6.523,120
0.848,4.636,120
0.255,2.726,120
-0.268,0.796,120,0
-0.226,-1.178,120
0.127,-3.146,120
0.627,-5.082,120
1.276,-6.973,120
2.064,-8.811,120
2.988,-10.584,120
4.036,-12.287,120
5.192,-13.919,120
6.449,-15.474,120
7.789,-16.958,120
9.201,-18.374,120
10.677,-19.724,120
12.204,-21.014,120
13.775,-22.252,120
15.383,-23.441,120
17.022,-24.587,120
18.687,-25.695,120
20.373,-26.771,120
22.076,-27.82,120
23.792,-28.847,120
25.519,-29.855,120
27.254,-30.851,120
28.994,-31.837,120
30.737,-32.818,120
32.48,-33.799,120
34.22,-34.784,120
35.957,-35.777,120
37.685,-36.782,120
39.404,-37.805,120
41.11,-38.85,120
42.798,-39.921,120
44.466,-41.025,120
46.108,-42.167,120
47.717,-43.354,120
49.289,-44.591,120
50.815,-45.883,120
52.284,-47.241,120
53.686,-48.666,120
55.01,-50.165,120
56.238,-51.743,120
57.36,-53.398,120
58.352,-55.134,120
59.209,-56.941,120
59.909,-58.813,120
60.464,-60.734,120,0
60.956,-62.673,120
61.412,-64.62,120
61.826,-66.577,120
62.194,-68.543,120
62.509,-70.518,120
62.765,-72.501,120
62.955,-74.492,120
63.075,-76.488,120
63.118,-78.487,120
63.082,-80.487,120
62.968,-82.484,120
62.784,-84.475,120
62.538,-86.46,120
62.246,-88.438,120
61.924,-90.412,120
61.588,-92.384,120
61.254,-94.356,120
60.934,-96.33,120
60.637,-98.308,120
60.37,-100.29,120
60.138,-102.276,120
59.943,-104.267,120
59.785,-106.26,120
59.665,-108.257,120
59.581,-110.255,120
59.531,-112.254,120
59.515,-114.254,120
59.53,-116.254,120
59.574,-118.254,120,0
59.863,-117.822,120
60.334,-115.878,120
60.882,-113.955,120
61.509,-112.056,120
62.219,-110.187,120
63.039,-108.363,120
63.963,-106.59,120
65.022,-104.893,120
66.215,-103.29,120
67.555,-101.807,120
69.045,-100.476,120
70.682,-99.329,120
72.448,-98.394,120
74.317,-97.687,120
76.257,-97.209,120
78.239,-96.951,120
80.237,-96.894,120
82.233,-97.015,120
84.213,-97.29,120
86.171,-97.695,120
88.103,-98.213,120
90.004,-98.832,120
91.877,-99.534,120
93.722,-100.305,120
95.537,-101.145,120
97.327,-102.036,120
99.09,-102.98,120
100.831,-103.964,120
102.547,-104.992,120
104.243,-106.052,120
105.917,-107.146,120
107.573,-108.269,120
109.21,-109.416,120
110.829,-110.591,120
112.432,-111.787,120
114.019,-113.004,120
115.591,-114.241,120
117.148,-115.496,120
118.692,-116.767,120
120.223,-118.054,120
121.74,-119.358,120
123.245,-120.675,120
124.739,-122.004,120
126.221,-123.347,120
127.692,-124.702,120
129.152,-126.069,120
130.603,-127.446,120
132.043,-128.834,120
133.472,-130.232,120
134.893,-131.64,120
136.305,-133.057,120
137.706,-134.484,120
139.098,-135.919,120
140.482,-137.363,120
141.857,-138.816,120
143.223,-140.277,120
144.581,-141.745,120
145.928,-143.223,120
147.268,-144.708,120
148.599,-146.201,120
149.92,-147.702,120
151.233,-149.211,120
152.536,-150.729,120
153.828,-152.255,120
155.11,-153.79,120
156.381,-155.334,120,0
156.649,-155.018,120
156.077,-153.102,120
155.526,-151.179,120
154.997,-149.251,120
154.488,-147.316,120
153.999,-145.377,120
153.528,-143.433,120
153.076,-141.485,120
152.642,-139.533,120
152.224,-137.577,120
151.824,-135.618,120
151.441,-133.655,120
151.073,-131.689,120
150.72,-129.72,120
150.382,-127.749,120
150.058,-125.775,120
149.747,-123.8,120
149.449,-121.822,120
149.164,-119.842,120
148.894,-117.861,120
148.635,-115.878,120
148.387,-113.893,120
148.15,-111.907,120
147.924,-109.92,120
147.71,-107.931,120
147.507,-105.942,120
147.313,-103.951,120
147.129,-101.96,120
146.953,-99.967,120
146.789,-97.974,120
146.634,-95.98,120
146.486,-93.986,120
146.346,-91.991,120
146.216,-89.995,120
146.095,-87.999,120
145.98,-86.002,120
145.873,-84.005,120
145.774,-82.007,120
145.682,-80.009,120
145.597,-78.011,120
145.518,-76.013,120
145.448,-74.014,120
145.383,-72.015,120
145.323,-70.016,120
145.271,-68.016,120
145.226,-66.017,120
145.185,-64.017,120
145.15,-62.018,120
145.121,-60.018,120
145.097,-58.018,120
145.078,-56.018,120
145.066,-54.018,120
145.057,-52.018,120
145.053,-50.018,120
145.056,-48.018,120
145.062,-46.018,120
145.072,-44.018,120
145.088,-42.018,120
145.108,-40.018,120
145.131,-38.019,120
145.16,-36.019,120
145.191,-34.019,120
145.228,-32.019,120
145.268,-30.02,120
145.311,-28.02,120
145.359,-26.021,120
145.41,-24.021,120
145.464,-22.022,120
145.523,-20.023,120
145.583,-18.024,120
145.648,-16.025,120
145.716,-14.026,120
145.786,-12.027,120
145.861,-10.029,120
145.938,-8.03,120
146.017,-6.032,120
146.1,-4.034,120
146.185,-2.035,120
146.274,-0.037,120
146.365,1.961,120
146.458,3.958,120
146.554,5.956,120
146.652,7.954,120
146.754,9.951,120
146.857,11.948,120
146.963,13.946,120
147.07,15.943,120
147.18,17.94,120
147.293,19.937,120
147.407,21.933,120
147.524,23.93,120
147.642,25.926,120
147.762,27.923,120
147.885,29.919,120
148.009,31.915,120
148.135,33.911,120
148.262,35.907,120
148.392,37.903,120
148.523,39.899,120
148.657,41.894,120
148.79,43.89,120
148.927,45.885,120
149.065,47.88,120
149.204,49.875,120
149.345,51.87,120
149.487,53.865,120
149.63,55.86,120
149.775,57.855,120
149.922,59.85,120
150.069,61.844,120
150.218,63.839,120
150.368,65.833,120
150.519,67.827,120
150.671,69.821,120
150.825,71.815,120
150.98,73.81,120
151.136,75.803,120
151.292,77.797,120
151.451,79.791,120
151.609,81.785,120
151.77,83.778,120
151.93,85.772,120
152.092,87.765,120
152.255,89.759,120
152.419,91.752,120
152.583,93.745,120
152.748,95.738,120
152.914,97.731,120
153.081,99.724,120
153.249,101.717,120
153.417,103.71,120
153.586,105.703,120
153.756,107.696,120
153.926,109.689,120
154.097,111.681,120
154.269,113.674,120
154.441,115.666,120
154.614,117.659,120
154.788,119.651,120
154.962,121.644,120
155.136,123.636,120
155.311,125.629,120
155.487,127.621,120
155.663,129.613,120
155.839,131.605,120
156.016,133.597,120
156.193,135.59,120
156.371,137.582,120
156.549,139.574,120
156.728,141.566,120
156.906,143.558,120
157.085,145.55,120
157.265,147.542,120
157.445,149.534,120
157.625,151.525,120
157.805,153.517,120
157.985,155.509,120,0
158.335,159.359,120
158.335,159.359,0,0
#PATH.JERRYIO-DATA {"appVersion":"0.8.3","format":"path.jerryio v0.1","gc":{"robotWidth":11.811023622047244,"robotHeight":11.811023622047244,"robotIsHolonomic":false,"showRobot":false,"uol":2.54,"pointDensity":0.7874015748031495,"controlMagnetDistance":5,"fieldImage":{"displayName":"V5RC 2025 - High Stakes","signature":"V5RC 2025 - High Stakes","origin":{"__type":"built-in"}},"coordinateSystem":"VEX Gaming Positioning System"},"paths":[{"segments":[{"controls":[{"uid":"upqRCYxmua","x":-50,"y":-60,"lock":false,"visible":true,"heading":90,"__type":"end-point"},{"uid":"siS8ZAAbEw","x":-9.064877231136947,"y":-54.238092116737235,"lock":false,"visible":true,"heading":0,"__type":"end-point"}],"speedProfiles":[],"lookaheadKeyframes":[],"uid":"REui2CHnmJ"},{"controls":[{"uid":"siS8ZAAbEw","x":-9.064877231136947,"y":-54.238092116737235,"lock":false,"visible":true,"heading":0,"__type":"end-point"},{"uid":"JepmsScXAD","x":-25.12682467761247,"y":-61.5267069243816,"lock":false,"visible":true,"__type":"control"},{"uid":"TJTctd0eOB","x":-42.67348995527484,"y":-64.90106563162436,"lock":false,"visible":true,"__type":"control"},{"uid":"hkris6g6FI","x":-41.323746472377735,"y":-46.54455426422374,"lock":false,"visible":true,"heading":0,"__type":"end-point"}],"speedProfiles":[],"lookaheadKeyframes":[],"uid":"lxifi0G8Rs"},{"controls":[{"uid":"hkris6g6FI","x":-41.323746472377735,"y":-46.54455426422374,"lock":false,"visible":true,"heading":0,"__type":"end-point"},{"uid":"TkkNCPJ3r5","x":-35.78979819249961,"y":-29.807735076299654,"lock":false,"visible":true,"__type":"control"},{"uid":"4UNPc9x9xZ","x":-36.05974688907904,"y":-32.912145086963,"lock":false,"visible":true,"__type":"control"},{"uid":"WP9CBfuRdN","x":-29.44600382288322,"y":-27.378196807084866,"lock":false,"visible":true,"heading":0,"__type":"end-point"}],"speedProfiles":[],"lookaheadKeyframes":[],"uid":"Ni9bWVO0L6"},{"controls":[{"uid":"WP9CBfuRdN","x":-29.44600382288322,"y":-27.378196807084866,"lock":false,"visible":true,"heading":0,"__type":"end-point"},{"uid":"WNvQ8P89hN","x":-27.016465553668432,"y":-36.781410424449724,"lock":false,"visible":true,"__type":"control"},{"uid":"7nj3hvM1UF","x":-22.292363363528565,"y":-39.21094869366452,"lock":false,"visible":true,"__type":"control"},{"uid":"IHmV3Kv32e","x":-23.37215814984625,"y":-47.17443524275743,"lock":false,"visible":true,"heading":0,"__type":"end-point"}],"speedProfiles":[],"lookaheadKeyframes":[],"uid":"QE5ZJiy8Js"},{"controls":[{"uid":"IHmV3Kv32e","x":-23.37215814984625,"y":-47.17443524275743,"lock":false,"visible":true,"heading":0,"__type":"end-point"},{"uid":"mQhPYdivE1","x":-24.451952936163934,"y":-55.137921791850346,"lock":false,"visible":true,"__type":"control"},{"uid":"EBVsdYjl4T","x":-64.1344113333388,"y":-59.862023981990205,"lock":false,"visible":true,"__type":"control"},{"uid":"STFE2UkVpV","x":-65.88907786110504,"y":-65.66592095844776,"lock":false,"visible":true,"heading":0,"__type":"end-point"}],"speedProfiles":[],"lookaheadKeyframes":[],"uid":"x9dtgkNihv"},{"controls":[{"uid":"STFE2UkVpV","x":-65.88907786110504,"y":-65.66592095844776,"lock":false,"visible":true,"heading":0,"__type":"end-point"},{"uid":"iims6e47TB","x":-68.99348787176838,"y":-74.57422794556865,"lock":false,"visible":true,"__type":"control"},{"uid":"Pvu2DeqNbD","x":-59.41030914319893,"y":-22.744078202319844,"lock":false,"visible":true,"__type":"control"},{"uid":"59mvFJq7Zw","x":-46.58774605567644,"y":-22.744078202319844,"lock":false,"visible":true,"heading":0,"__type":"end-point"}],"speedProfiles":[],"lookaheadKeyframes":[],"uid":"chJNLPlCjK"},{"controls":[{"uid":"59mvFJq7Zw","x":-46.58774605567644,"y":-22.744078202319844,"lock":false,"visible":true,"heading":0,"__type":"end-point"},{"uid":"dYUZOy3jrn","x":-54.82118130134878,"y":-16.805206877572587,"lock":false,"visible":true,"__type":"control"},{"uid":"IXgNcW7xnG","x":-50.36702780778833,"y":-13.025925125460693,"lock":false,"visible":true,"__type":"control"},{"uid":"JnNyB52lXN","x":-46.99266910054558,"y":-0.06838768964849404,"lock":false,"visible":true,"heading":0,"__type":"end-point"}],"speedProfiles":[],"lookaheadKeyframes":[],"uid":"qMt67Isk1A"},{"controls":[{"uid":"JnNyB52lXN","x":-46.99266910054558,"y":-0.06838768964849404,"lock":false,"visible":true,"heading":0,"__type":"end-point"},{"uid":"unLjAgH31B","x":-45.91287431422789,"y":-6.9070907490539675,"lock":false,"visible":true,"__type":"control"},{"uid":"NA47j7Eo9U","x":-28.63615773314496,"y":-12.486027732301853,"lock":false,"visible":true,"__type":"control"},{"uid":"gonWuFHX3C","x":-31.7405677438083,"y":-18.829822101918243,"lock":false,"visible":true,"heading":0,"__type":"end-point"}],"speedProfiles":[],"lookaheadKeyframes":[],"uid":"Z7xj4wgozy"},{"controls":[{"uid":"gonWuFHX3C","x":-31.7405677438083,"y":-18.829822101918243,"lock":false,"visible":true,"heading":0,"__type":"end-point"},{"uid":"7MyIb4XWI8","x":-21.077594228921175,"y":-11.811155990853301,"lock":false,"visible":true,"__type":"control"},{"uid":"gcBVO4BVxW","x":-19.32292770115493,"y":-11.40623294598417,"lock":false,"visible":true,"__type":"control"},{"uid":"7mfrq8YZGF","x":-11.764364196931156,"y":-8.976694676769382,"lock":false,"visible":true,"heading":0,"__type":"end-point"}],"speedProfiles":[],"lookaheadKeyframes":[],"uid":"aZ2yHC6KFB"}],"pc":{"speedLimit":{"minLimit":{"value":0,"label":"0"},"maxLimit":{"value":600,"label":"600"},"step":1,"from":40,"to":120},"bentRateApplicableRange":{"minLimit":{"value":0,"label":"0"},"maxLimit":{"value":1,"label":"1"},"step":0.001,"from":0,"to":0.1}},"name":"Odom 5 ring + 1 steak goalside","uid":"hVa8mUe1CC","lock":false,"visible":true},{"segments":[{"controls":[{"uid":"hFUEA4Fba4","x":-58.73543740175038,"y":59.050376861244665,"lock":false,"visible":true,"heading":0,"__type":"end-point"},{"uid":"02cwSOraF2","x":-32.68538818183627,"y":59.050376861244665,"lock":false,"visible":true,"heading":0,"__type":"end-point"}],"speedProfiles":[],"lookaheadKeyframes":[],"uid":"xrSvPvsLob"},{"controls":[{"uid":"02cwSOraF2","x":-32.68538818183627,"y":59.050376861244665,"lock":false,"visible":true,"heading":0,"__type":"end-point"},{"uid":"iAiLkoM7Ig","x":-25.126824677612483,"y":59.4552999061138,"lock":false,"visible":true,"__type":"control"},{"uid":"zJ8ERR4eZJ","x":-17.568261173388727,"y":57.56565903005785,"lock":false,"visible":true,"__type":"control"},{"uid":"UIIPGDArCA","x":-8.929902882847237,"y":54.326274671104805,"lock":false,"visible":true,"heading":0,"__type":"end-point"}],"speedProfiles":[],"lookaheadKeyframes":[],"uid":"i0yEAMVuWk"},{"controls":[{"uid":"UIIPGDArCA","x":-8.929902882847237,"y":54.326274671104805,"lock":false,"visible":true,"heading":0,"__type":"end-point"},{"uid":"aO0oIWKoJm","x":-12.709184634959131,"y":56.620838592029884,"lock":false,"visible":true,"__type":"control"},{"uid":"hVtwdGFl4R","x":-12.844158983248839,"y":56.08094119887104,"lock":false,"visible":true,"__type":"control"},{"uid":"Lrd1ATBpZD","x":-19.457902049444648,"y":59.72524860269322,"lock":false,"visible":true,"heading":0,"__type":"end-point"}],"speedProfiles":[],"lookaheadKeyframes":[],"uid":"OxGLdujgv7"},{"controls":[{"uid":"Lrd1ATBpZD","x":-19.457902049444648,"y":59.72524860269322,"lock":false,"visible":true,"heading":0,"__type":"end-point"},{"uid":"5277bK3jA1","x":-15.408671600753337,"y":51.89673640189002,"lock":false,"visible":true,"__type":"control"},{"uid":"mMSoyc2k9M","x":-7.580159399950133,"y":44.87807029082507,"lock":false,"visible":true,"__type":"control"},{"uid":"CzlNDObgvC","x":-4.205800692707372,"y":43.66330115621768,"lock":false,"visible":true,"heading":320.000015258789,"__type":"end-point"}],"speedProfiles":[],"lookaheadKeyframes":[],"uid":"b6YbOniBaX"},{"controls":[{"uid":"CzlNDObgvC","x":-4.205800692707372,"y":43.66330115621768,"lock":false,"visible":true,"heading":320.000015258789,"__type":"end-point"},{"uid":"egbTDkeSXo","x":-15.003748555884206,"y":46.90268551517073,"lock":false,"visible":true,"__type":"control"},{"uid":"ZnD0VdcwoZ","x":-10.414620714034054,"y":36.03725047784903,"lock":false,"visible":true,"__type":"control"},{"uid":"LklmVulIbc","x":-17.703235521678415,"y":27.33140501316272,"lock":false,"visible":true,"heading":0,"__type":"end-point"}],"speedProfiles":[],"lookaheadKeyframes":[],"uid":"EQDq7YndsB"},{"controls":[{"uid":"LklmVulIbc","x":-17.703235521678415,"y":27.33140501316272,"lock":false,"visible":true,"heading":0,"__type":"end-point"},{"uid":"K8LGQvJL4p","x":-11.359441152062024,"y":36.1047376519939,"lock":false,"visible":true,"__type":"control"},{"uid":"sfNnnvrINg","x":-21.752465970369727,"y":36.77960939344245,"lock":false,"visible":true,"__type":"control"},{"uid":"sAUi5AIiqz","x":-23.37215814984625,"y":45.82289072885305,"lock":false,"visible":true,"heading":0,"__type":"end-point"}],"speedProfiles":[],"lookaheadKeyframes":[],"uid":"aXWV3zIaPd"},{"controls":[{"uid":"sAUi5AIiqz","x":-23.37215814984625,"y":45.82289072885305,"lock":false,"visible":true,"heading":0,"__type":"end-point"},{"uid":"QRWwWbUJep","x":-34.03513166473338,"y":57.97058207492699,"lock":false,"visible":true,"__type":"control"},{"uid":"aNGn6QZhCA","x":-51.1768738975266,"y":40.15396810068521,"lock":false,"visible":true,"__type":"control"},{"uid":"nRoK27pSPc","x":-62.10979610899314,"y":60.805043389010905,"lock":false,"visible":true,"heading":0,"__type":"end-point"}],"speedProfiles":[],"lookaheadKeyframes":[],"uid":"4HxffZIEtq"},{"controls":[{"uid":"nRoK27pSPc","x":-62.10979610899314,"y":60.805043389010905,"lock":false,"visible":true,"heading":0,"__type":"end-point"},{"uid":"7T4nQZBrGR","x":-45.372976921069046,"y":32.59540459646143,"lock":false,"visible":true,"__type":"control"},{"uid":"HaM1ymlDAg","x":-25.39677337419191,"y":19.502892812359516,"lock":false,"visible":true,"__type":"control"},{"uid":"suiikCIhaA","x":-9.60477462429579,"y":8.569970600892972,"lock":false,"visible":true,"heading":0,"__type":"end-point"}],"speedProfiles":[],"lookaheadKeyframes":[],"uid":"wFjtAe8Nub"}],"pc":{"speedLimit":{"minLimit":{"value":0,"label":"0"},"maxLimit":{"value":600,"label":"600"},"step":1,"from":40,"to":120},"bentRateApplicableRange":{"minLimit":{"value":0,"label":"0"},"maxLimit":{"value":1,"label":"1"},"step":0.001,"from":0,"to":0.1}},"name":"ring side unbeatable 6 rush(no 2 stack mid ring)","uid":"I4Cl4izuGz","lock":false,"visible":false},{"segments":[{"controls":[{"uid":"FmDP9jTfYR","x":-61.83984741241372,"y":-0.20336203793820445,"lock":false,"visible":true,"heading":0,"__type":"end-point"},{"uid":"l29KsWnCkP","x":-47.532566493704415,"y":-20.044591236525637,"lock":false,"visible":true,"heading":0,"__type":"end-point"}],"speedProfiles":[],"lookaheadKeyframes":[],"uid":"K4TIgRgNfx"},{"controls":[{"uid":"l29KsWnCkP","x":-47.532566493704415,"y":-20.044591236525637,"lock":false,"visible":true,"heading":0,"__type":"end-point"},{"uid":"UEfk2B2fbm","x":-46.72272040396615,"y":-8.84172032847967,"lock":false,"visible":true,"__type":"control"},{"uid":"LqolAF2KS5","x":-26.881491205378722,"y":-11.94613033914301,"lock":false,"visible":true,"__type":"control"},{"uid":"EgAQ9yVa1r","x":-24.0470298912948,"y":-23.418949943768396,"lock":false,"visible":true,"heading":0,"__type":"end-point"}],"speedProfiles":[],"lookaheadKeyframes":[],"uid":"b8YbouOlT0"},{"controls":[{"uid":"EgAQ9yVa1r","x":-24.0470298912948,"y":-23.418949943768396,"lock":false,"visible":true,"heading":0,"__type":"end-point"},{"uid":"hBFvaM0d5l","x":-18.243132914837254,"y":-36.106538683001176,"lock":false,"visible":true,"__type":"control"},{"uid":"IXFCMI4jTJ","x":0.11337845256336104,"y":-35.70161563813205,"lock":false,"visible":true,"__type":"control"},{"uid":"5axzyVEKlr","x":-0.1565702440160598,"y":-60.13197267856963,"lock":false,"visible":true,"heading":0,"__type":"end-point"}],"speedProfiles":[],"lookaheadKeyframes":[],"uid":"hwqyQ2HePf"},{"controls":[{"uid":"5axzyVEKlr","x":-0.1565702440160598,"y":-60.13197267856963,"lock":false,"visible":true,"heading":0,"__type":"end-point"},{"uid":"bo9njUmUet","x":-6.230415917053029,"y":-66.34079269989631,"lock":false,"visible":true,"__type":"control"},{"uid":"jdcIYhdjGP","x":-11.89933854522086,"y":-47.17443524275743,"lock":false,"visible":true,"__type":"control"},{"uid":"MleYYFmC5q","x":-23.642106846425673,"y":-47.57935828762656,"lock":false,"visible":true,"heading":0,"__type":"end-point"}],"speedProfiles":[],"lookaheadKeyframes":[],"uid":"keuqU0RNgF"},{"controls":[{"uid":"MleYYFmC5q","x":-23.642106846425673,"y":-47.57935828762656,"lock":false,"visible":true,"heading":0,"__type":"end-point"},{"uid":"g5NSGCawxx","x":-35.38487514763048,"y":-47.98428133249569,"lock":false,"visible":true,"__type":"control"},{"uid":"TqKvdQ48TD","x":-41.323746472377735,"y":-47.5118711134817,"lock":false,"visible":true,"__type":"control"},{"uid":"Vx6sySYUzi","x":-59.0053860983298,"y":-47.039460894467716,"lock":false,"visible":true,"heading":0,"__type":"end-point"}],"speedProfiles":[],"lookaheadKeyframes":[],"uid":"JxiF0yt0dR"},{"controls":[{"uid":"Vx6sySYUzi","x":-59.0053860983298,"y":-47.039460894467716,"lock":false,"visible":true,"heading":0,"__type":"end-point"},{"uid":"O7BG4hgvqw","x":-49.01728432489123,"y":-45.95966610815004,"lock":false,"visible":true,"__type":"control"},{"uid":"lB78TmLyuy","x":-53.20148912187225,"y":-58.37730615080339,"lock":false,"visible":true,"__type":"control"},{"uid":"o8Pgy2s7R3","x":-59.54528349148864,"y":-61.886639206335865,"lock":false,"visible":true,"heading":0,"__type":"end-point"}],"speedProfiles":[],"lookaheadKeyframes":[],"uid":"Q7cJ5No9L5"},{"controls":[{"uid":"o8Pgy2s7R3","x":-59.54528349148864,"y":-61.886639206335865,"lock":false,"visible":true,"heading":0,"__type":"end-point"},{"uid":"bZPCVccwaj","x":-51.716771290685436,"y":-59.05217789225195,"lock":false,"visible":true,"__type":"control"},{"uid":"vYobCKdlhh","x":-53.20148912187226,"y":-59.52458811126593,"lock":false,"visible":true,"__type":"control"},{"uid":"adEWxlc5Tz","x":-44.83307952791021,"y":-58.24233180251368,"lock":false,"visible":true,"heading":0,"__type":"end-point"}],"speedProfiles":[],"lookaheadKeyframes":[],"uid":"LvJOg2b3nG"},{"controls":[{"uid":"adEWxlc5Tz","x":-44.83307952791021,"y":-58.24233180251368,"lock":false,"visible":true,"heading":0,"__type":"end-point"},{"uid":"FJG1z3eLP9","x":-68.72353917518895,"y":-64.40616312047061,"lock":false,"visible":true,"__type":"control"},{"uid":"LUdTUcucCC","x":-46.45277170738673,"y":2.406139282936051,"lock":false,"visible":true,"__type":"control"},{"uid":"YPXARUMEVO","x":-46.72272040396615,"y":23.462137616130875,"lock":false,"visible":true,"heading":0,"__type":"end-point"}],"speedProfiles":[],"lookaheadKeyframes":[],"uid":"wOVUhQ8Ic6"},{"controls":[{"uid":"YPXARUMEVO","x":-46.72272040396615,"y":23.462137616130875,"lock":false,"visible":true,"heading":0,"__type":"end-point"},{"uid":"RfToSogpSa","x":-45.77789996593818,"y":5.915472338468522,"lock":false,"visible":true,"__type":"control"},{"uid":"hTXRArrEvE","x":-26.881491205378722,"y":12.394241056374621,"lock":false,"visible":true,"__type":"control"},{"uid":"jAWvmZjK6N","x":-23.507132498135963,"y":23.192188919551455,"lock":false,"visible":true,"heading":0,"__type":"end-point"}],"speedProfiles":[],"lookaheadKeyframes":[],"uid":"lNBBo0LARn"},{"controls":[{"uid":"jAWvmZjK6N","x":-23.507132498135963,"y":23.192188919551455,"lock":false,"visible":true,"heading":0,"__type":"end-point"},{"uid":"DuTT6e87JK","x":-20.132773790893204,"y":33.990136782728285,"lock":false,"visible":true,"__type":"control"},{"uid":"iAmKyPQOON","x":-19.99779944260349,"y":37.22952114168134,"lock":false,"visible":true,"__type":"control"},{"uid":"wVYeCrrau1","x":-23.507132498135963,"y":47.75752030827875,"lock":false,"visible":true,"heading":0,"__type":"end-point"}],"speedProfiles":[],"lookaheadKeyframes":[],"uid":"E1sHRBpuVa"},{"controls":[{"uid":"wVYeCrrau1","x":-23.507132498135963,"y":47.75752030827875,"lock":false,"visible":true,"heading":0,"__type":"end-point"},{"uid":"JPHVd2usol","x":-27.016465553668436,"y":58.28551947487616,"lock":false,"visible":true,"__type":"control"},{"uid":"ymMmvJsHVH","x":-34.575029057892216,"y":59.365314261193845,"lock":false,"visible":true,"__type":"control"},{"uid":"3tqMCo2AdZ","x":-47.127643448835286,"y":59.230339912904135,"lock":false,"visible":true,"heading":0,"__type":"end-point"}],"speedProfiles":[],"lookaheadKeyframes":[],"uid":"ULhjE5eRKn"},{"controls":[{"uid":"3tqMCo2AdZ","x":-47.127643448835286,"y":59.230339912904135,"lock":false,"visible":true,"heading":0,"__type":"end-point"},{"uid":"1bQXiPatSo","x":-59.680257839778356,"y":59.095365564614426,"lock":false,"visible":true,"__type":"control"},{"uid":"6iowtrGPAd","x":-58.195540008591536,"y":56.39587859882022,"lock":false,"visible":true,"__type":"control"},{"uid":"0LJJ2nM9AV","x":-58.87041175004009,"y":47.89249465656846,"lock":false,"visible":true,"heading":0,"__type":"end-point"}],"speedProfiles":[],"lookaheadKeyframes":[],"uid":"jXOLPBpqOA"},{"controls":[{"uid":"0LJJ2nM9AV","x":-58.87041175004009,"y":47.89249465656846,"lock":false,"visible":true,"heading":0,"__type":"end-point"},{"uid":"QVlZqmLhNG","x":-59.54528349148865,"y":39.3891107143167,"lock":false,"visible":true,"__type":"control"},{"uid":"8gU44kGX0I","x":-48.88230997660152,"y":39.79403375918584,"lock":false,"visible":true,"__type":"control"},{"uid":"YFx2DSSY2U","x":-46.45277170738673,"y":47.0826485668302,"lock":false,"visible":true,"heading":0,"__type":"end-point"}],"speedProfiles":[],"lookaheadKeyframes":[],"uid":"FxlKiRgjUE"},{"controls":[{"uid":"YFx2DSSY2U","x":-46.45277170738673,"y":47.0826485668302,"lock":false,"visible":true,"heading":0,"__type":"end-point"},{"uid":"t95p8nX8qZ","x":-52.5266173804237,"y":36.6896237485225,"lock":false,"visible":true,"__type":"control"},{"uid":"2dOvtmZj5c","x":-58.73543740175038,"y":49.78213553262441,"lock":false,"visible":true,"__type":"control"},{"uid":"u0h39bpFmK","x":-63.86446263675938,"y":60.17516035093211,"lock":false,"visible":true,"heading":0,"__type":"end-point"}],"speedProfiles":[],"lookaheadKeyframes":[],"uid":"MI7IiZQKm1"},{"controls":[{"uid":"u0h39bpFmK","x":-63.86446263675938,"y":60.17516035093211,"lock":false,"visible":true,"heading":0,"__type":"end-point"},{"uid":"oufkHegmFB","x":-59.950206536357776,"y":46.677725521961065,"lock":false,"visible":true,"__type":"control"},{"uid":"fFG0CiHUGy","x":0.11337845256336104,"y":34.66500852417684,"lock":false,"visible":true,"__type":"control"},{"uid":"tViDZYV2tX","x":0.11337845256336104,"y":61.524903833829214,"lock":false,"visible":true,"heading":0,"__type":"end-point"}],"speedProfiles":[],"lookaheadKeyframes":[],"uid":"mNXmcMp8a8"},{"controls":[{"uid":"tViDZYV2tX","x":0.11337845256336104,"y":61.524903833829214,"lock":false,"visible":true,"heading":0,"__type":"end-point"},{"uid":"Mcuq6xXRIK","x":-1.236365030333743,"y":42.088597680110915,"lock":false,"visible":true,"__type":"control"},{"uid":"IzpuhOfi7G","x":14.960556764431507,"y":45.19300769077425,"lock":false,"visible":true,"__type":"control"},{"uid":"I02cx4VcYx","x":23.868863751552393,"y":47.48757161169933,"lock":false,"visible":true,"heading":0,"__type":"end-point"}],"speedProfiles":[],"lookaheadKeyframes":[],"uid":"FoHxS8QDla"},{"controls":[{"uid":"I02cx4VcYx","x":23.868863751552393,"y":47.48757161169933,"lock":false,"visible":true,"heading":0,"__type":"end-point"},{"uid":"V22LdpqVvN","x":14.420659371272665,"y":43.03341811813888,"lock":false,"visible":true,"__type":"control"},{"uid":"5f7GF6FcGr","x":49.513989926597375,"y":20.762650650336667,"lock":false,"visible":true,"__type":"control"},{"uid":"rkWqrtILGF","x":47.489374702251716,"y":-0.5632963794375782,"lock":false,"visible":true,"heading":0,"__type":"end-point"}],"speedProfiles":[],"lookaheadKeyframes":[],"uid":"lljlhPn3pP"},{"controls":[{"uid":"rkWqrtILGF","x":47.489374702251716,"y":-0.5632963794375782,"lock":false,"visible":true,"heading":0,"__type":"end-point"},{"uid":"xBkEBHSYYb","x":47.489374702251716,"y":27.106445019953057,"lock":false,"visible":true,"__type":"control"},{"uid":"gMu1cZ2ME7","x":31.562401604065887,"y":28.05126545798103,"lock":false,"visible":true,"__type":"control"},{"uid":"aNBnMl2Xzo","x":24.543735493000945,"y":23.462137616130875,"lock":false,"visible":true,"heading":0,"__type":"end-point"}],"speedProfiles":[],"lookaheadKeyframes":[],"uid":"LGtTDz3HJo"},{"controls":[{"uid":"aNBnMl2Xzo","x":24.543735493000945,"y":23.462137616130875,"lock":false,"visible":true,"heading":0,"__type":"end-point"},{"uid":"qEfnwdh0Gh","x":17.525069381936003,"y":18.873009774280717,"lock":false,"visible":true,"__type":"control"},{"uid":"pOdEv9Ma7W","x":3.08281411493699,"y":13.474035842692306,"lock":false,"visible":true,"__type":"control"},{"uid":"aUo4MO7ZEy","x":-0.1565702440160598,"y":0.11157536201097398,"lock":false,"visible":true,"heading":0,"__type":"end-point"}],"speedProfiles":[],"lookaheadKeyframes":[],"uid":"iMh3JIqZrg"},{"controls":[{"uid":"aUo4MO7ZEy","x":-0.1565702440160598,"y":0.11157536201097398,"lock":false,"visible":true,"heading":0,"__type":"end-point"},{"uid":"baDd3RTkm8","x":0.9232245423016235,"y":-12.036115984062963,"lock":false,"visible":true,"__type":"control"},{"uid":"2e34urfwJd","x":20.899428089178766,"y":-13.115910770380648,"lock":false,"visible":true,"__type":"control"},{"uid":"PomUvbRDmM","x":23.733889403262683,"y":-23.64390993697806,"lock":false,"visible":true,"heading":0,"__type":"end-point"}],"speedProfiles":[],"lookaheadKeyframes":[],"uid":"IsggL6eTsZ"},{"controls":[{"uid":"PomUvbRDmM","x":23.733889403262683,"y":-23.64390993697806,"lock":false,"visible":true,"heading":0,"__type":"end-point"},{"uid":"cFJtRFVofz","x":26.5683507173466,"y":-34.17190910357547,"lock":false,"visible":true,"__type":"control"},{"uid":"R4lLxK4yge","x":23.059017661814135,"y":-35.11672954160345,"lock":false,"visible":true,"__type":"control"},{"uid":"RrzSWLMhop","x":23.463940706683264,"y":-46.85949784280825,"lock":false,"visible":true,"heading":0,"__type":"end-point"}],"speedProfiles":[],"lookaheadKeyframes":[],"uid":"rVcVaPuJFX"},{"controls":[{"uid":"RrzSWLMhop","x":23.463940706683264,"y":-46.85949784280825,"lock":false,"visible":true,"heading":0,"__type":"end-point"},{"uid":"U06JhAW0Js","x":28.053068548533417,"y":-24.588730375006033,"lock":false,"visible":true,"__type":"control"},{"uid":"eHwt3cDOUF","x":53.15829733041956,"y":-50.773753943209854,"lock":false,"visible":true,"__type":"control"},{"uid":"9xg2fX2BX2","x":61.79665562096102,"y":-61.436727458096975,"lock":false,"visible":true,"heading":0,"__type":"end-point"}],"speedProfiles":[],"lookaheadKeyframes":[],"uid":"UsClCyaNxU"},{"controls":[{"uid":"9xg2fX2BX2","x":61.79665562096102,"y":-61.436727458096975,"lock":false,"visible":true,"heading":0,"__type":"end-point"},{"uid":"xp9IEMKCSN","x":53.968143420157816,"y":-36.33149867621084,"lock":false,"visible":true,"__type":"control"},{"uid":"CZ6sjH2M2i","x":57.20752777911087,"y":6.320395383337653,"lock":false,"visible":true,"__type":"control"},{"uid":"fGzVF038jx","x":62.336553014119865,"y":62.73967296843661,"lock":false,"visible":true,"heading":0,"__type":"end-point"}],"speedProfiles":[],"lookaheadKeyframes":[],"uid":"qtRcqdh1QA"}],"pc":{"speedLimit":{"minLimit":{"value":0,"label":"0"},"maxLimit":{"value":600,"label":"600"},"step":1,"from":40,"to":120},"bentRateApplicableRange":{"minLimit":{"value":0,"label":"0"},"maxLimit":{"value":1,"label":"1"},"step":0.001,"from":0,"to":0.1}},"name":"skills safe route","uid":"MSEOKu3TKG","lock":false,"visible":false}]}